6451484.000 1726300.000 -18.078 -10.033 -2.082
6451484.000 1726600.000 -5.353 16.283 -2.539
6451484.000 1726900.000 0.010 -0.337 -0.271
6451484.000 1727200.000 0.312 -0.631 -0.067
6451484.000 1727500.000 0.212 -0.716 -0.080
6451484.000 1727800.000 0.153 -0.844 -0.084
6451484.000 1728100.000 0.143 -0.780 -0.124
6451484.000 1728400.000 0.100 -0.777 -0.141
6451484.000 1728700.000 0.161 -0.725 -0.095
6451784.000 1726300.000 -9.658 -7.571 -1.590
6451784.000 1726600.000 -3.865 -1.478 -2.398
6451784.000 1726900.000 0.278 -0.666 -0.050
6451784.000 1727200.000 0.388 -0.468 -0.102
6451784.000 1727500.000 0.388 -0.668 -0.103
6451784.000 1727800.000 0.236 -0.793 -0.127
6451784.000 1728100.000 0.120 -0.648 -0.135
6451784.000 1728400.000 0.112 -0.613 -0.125
6451784.000 1728700.000 0.253 -0.521 -0.123
6452084.000 1726300.000 -5.174 11.697 -2.625
6452084.000 1726600.000 -12.473 -8.876 -2.786
6452084.000 1726900.000 0.252 -0.782 -0.057
6452084.000 1727200.000 0.265 -0.392 -0.127
6452084.000 1727500.000 0.259 -0.497 -0.104
6452084.000 1727800.000 0.182 -0.512 -0.115
6452084.000 1728100.000 0.086 -0.579 -0.124
6452084.000 1728400.000 0.138 -0.460 -0.129
6452084.000 1728700.000 0.018 -0.407 -0.127
6452384.000 1726300.000 -10.202 -5.700 -2.226
6452384.000 1726600.000 0.389 -0.963 0.031
6452384.000 1726900.000 0.395 -0.631 -0.061
6452384.000 1727200.000 0.349 -0.430 -0.082
6452384.000 1727500.000 0.265 -0.494 -0.091
6452384.000 1727800.000 0.216 -0.499 -0.101
6452384.000 1728100.000 0.124 -0.503 -0.121
6452384.000 1728400.000 0.153 -0.374 -0.150
6452384.000 1728700.000 -0.116 -0.545 -0.352
6452684.000 1726300.000 0.156 -0.473 -0.062
6452684.000 1726600.000 0.304 -0.729 0.035
6452684.000 1726900.000 0.278 -0.547 -0.077
6452684.000 1727200.000 0.348 -0.437 -0.064
6452684.000 1727500.000 0.290 -0.464 -0.086
6452684.000 1727800.000 0.297 -0.483 -0.088
6452684.000 1728100.000 0.221 -0.506 -0.129
6452684.000 1728400.000 0.243 -0.503 -0.189
6452684.000 1728700.000 0.327 -0.350 -0.174
6452984.000 1726300.000 0.158 -0.588 -0.069
6452984.000 1726600.000 0.259 -0.704 0.006
6452984.000 1726900.000 0.330 -0.543 -0.046
6452984.000 1727200.000 0.388 -0.410 -0.047
6452984.000 1727500.000 0.373 -0.442 -0.078
6452984.000 1727800.000 0.327 -0.362 -0.095
6452984.000 1728100.000 0.186 -0.498 -0.150
6452984.000 1728400.000 0.267 -0.450 -0.185
6452984.000 1728700.000 0.401 -0.321 -0.101
6453284.000 1726300.000 0.215 -0.599 -0.056
6453284.000 1726600.000 0.273 -0.593 -0.003
6453284.000 1726900.000 0.424 -0.597 -0.045
6453284.000 1727200.000 0.428 -0.414 -0.060
6453284.000 1727500.000 0.323 -0.462 -0.099
6453284.000 1727800.000 0.289 -0.388 -0.120
6453284.000 1728100.000 0.204 -0.462 -0.123
6453284.000 1728400.000 0.317 -0.418 -0.098
6453284.000 1728700.000 0.402 -0.315 -0.073
6453584.000 1726300.000 0.158 -0.523 -0.051
6453584.000 1726600.000 0.343 -0.493 -0.013
6453584.000 1726900.000 0.383 -0.460 -0.052
6453584.000 1727200.000 0.407 -0.372 -0.060
6453584.000 1727500.000 0.318 -0.341 -0.096
6453584.000 1727800.000 0.307 -0.298 -0.103
6453584.000 1728100.000 0.243 -0.328 -0.087
6453584.000 1728400.000 0.302 -0.342 -0.109
6453584.000 1728700.000 0.378 -0.282 -0.083
6453884.000 1726300.000 0.046 -0.688 0.056
6453884.000 1726600.000 0.142 -0.628 0.068
6453884.000 1726900.000 0.373 -0.637 -0.019
6453884.000 1727200.000 0.493 -0.459 -0.043
6453884.000 1727500.000 0.360 -0.470 -0.077
6453884.000 1727800.000 0.329 -0.350 -0.077
6453884.000 1728100.000 0.113 -0.341 -0.086
6453884.000 1728400.000 0.270 -0.316 -0.092
6453884.000 1728700.000 0.404 -0.236 -0.081
