6451909.000 1726625.000 -4.070 3.834 -3.292
6451959.000 1726625.000 2.961 -0.613 -2.658
6452009.000 1726625.000 -12.612 -13.930 -2.780
6452059.000 1726625.000 -11.389 -17.542 -2.689
6452109.000 1726625.000 0.271 -0.860 -0.011
6452159.000 1726625.000 0.135 -0.762 -0.270
6452209.000 1726625.000 0.367 -0.724 -0.265
6452259.000 1726625.000 -0.135 -0.782 -0.278
6452309.000 1726625.000 0.218 -0.672 -0.262
6452359.000 1726625.000 0.241 -0.903 -0.228
6452409.000 1726625.000 -0.377 -1.102 -0.265
6452459.000 1726625.000 -0.244 -1.612 -0.337
6452509.000 1726625.000 3.795 -1.606 -0.004
6452559.000 1726625.000 0.972 -1.027 -0.024
6452609.000 1726625.000 1.685 0.663 0.013
6452659.000 1726625.000 0.387 -0.897 -0.062
6452709.000 1726625.000 0.098 -1.148 -0.335
6452759.000 1726625.000 0.268 -1.043 -0.190
6452809.000 1726625.000 0.077 -0.984 -0.179
6451909.000 1726675.000 -13.355 -3.266 -1.958
6451959.000 1726675.000 -5.337 -9.474 -1.891
6452009.000 1726675.000 -13.670 -0.742 -0.246
6452059.000 1726675.000 0.400 0.695 0.368
6452109.000 1726675.000 0.322 -0.796 -0.160
6452159.000 1726675.000 0.540 0.505 -0.040
6452209.000 1726675.000 -0.289 0.542 -0.065
6452259.000 1726675.000 0.111 -0.099 -0.077
6452309.000 1726675.000 -0.192 -0.588 -0.119
6452359.000 1726675.000 0.569 -0.845 -0.132
6452409.000 1726675.000 0.182 -0.469 0.006
6452459.000 1726675.000 -0.240 -0.560 0.046
6452509.000 1726675.000 0.604 -1.184 0.014
6452559.000 1726675.000 0.836 -0.401 -0.086
6452609.000 1726675.000 0.079 -0.949 -0.163
6452659.000 1726675.000 0.157 -0.783 -0.145
6452709.000 1726675.000 0.604 -1.119 -0.123
6452759.000 1726675.000 0.057 -0.972 -0.208
6452809.000 1726675.000 0.009 -0.865 -0.182
6451909.000 1726725.000 -0.742 -4.174 -1.372
6451959.000 1726725.000 0.415 -0.973 0.181
6452009.000 1726725.000 0.149 -1.096 0.116
6452059.000 1726725.000 0.276 -1.119 -0.007
6452109.000 1726725.000 0.458 -0.254 -0.011
6452159.000 1726725.000 0.505 -0.192 -0.027
6452209.000 1726725.000 0.283 -0.481 -0.053
6452259.000 1726725.000 0.672 -0.791 -0.033
6452309.000 1726725.000 0.421 -0.778 -0.036
6452359.000 1726725.000 0.144 -0.716 -0.021
6452409.000 1726725.000 0.333 -0.928 0.015
6452459.000 1726725.000 0.401 -0.938 0.015
6452509.000 1726725.000 0.112 -0.734 -0.067
6452559.000 1726725.000 0.094 -1.119 -0.321
6452609.000 1726725.000 0.235 -1.008 -0.227
6452659.000 1726725.000 0.131 -1.057 -0.257
6452709.000 1726725.000 0.399 -0.969 -0.254
6452759.000 1726725.000 0.113 -1.220 -0.259
6452809.000 1726725.000 0.004 -0.592 -0.315
6451909.000 1726775.000 0.248 -1.268 0.239
6451959.000 1726775.000 0.089 -1.132 0.211
6452009.000 1726775.000 -0.017 -1.453 0.048
6452059.000 1726775.000 0.355 -0.405 0.022
6452109.000 1726775.000 0.215 -0.207 -0.005
6452159.000 1726775.000 -0.154 -0.719 -0.048
6452209.000 1726775.000 2.273 2.435 -0.204
6452259.000 1726775.000 -5.596 1.792 -0.248
6452309.000 1726775.000 0.060 -0.841 -0.060
6452359.000 1726775.000 0.304 -0.885 -0.017
6452409.000 1726775.000 0.272 -0.839 0.007
6452459.000 1726775.000 0.407 -1.136 -0.082
6452509.000 1726775.000 -0.757 -1.453 -1.069
6452559.000 1726775.000 -0.311 -0.980 -0.371
6452609.000 1726775.000 -0.146 -1.074 -0.469
6452659.000 1726775.000 -2.367 0.982 -0.871
6452709.000 1726775.000 0.165 -1.210 -0.340
6452759.000 1726775.000 0.059 -0.895 -0.377
6452809.000 1726775.000 -0.000 -0.947 -0.381
6451909.000 1726825.000 0.119 -1.353 0.070
6451959.000 1726825.000 0.250 -1.493 0.053
6452009.000 1726825.000 0.084 -0.650 -0.073
6452059.000 1726825.000 0.136 -1.189 -0.067
6452109.000 1726825.000 3.866 3.254 -0.293
6452159.000 1726825.000 11.782 12.992 -0.919
6452209.000 1726825.000 -7.139 12.918 -0.491
6452259.000 1726825.000 -2.700 1.746 -0.113
6452309.000 1726825.000 0.087 -1.064 -0.090
6452359.000 1726825.000 -0.329 -1.293 0.039
6452409.000 1726825.000 0.390 -0.922 -0.006
6452459.000 1726825.000 -0.178 -0.998 -0.451
6452509.000 1726825.000 -0.037 -1.141 -0.359
6452559.000 1726825.000 0.092 -1.000 -0.381
6452609.000 1726825.000 -8.424 -5.262 -5.805
6452659.000 1726825.000 8.794 13.339 -0.987
6452709.000 1726825.000 4.846 -5.217 -0.289
6452759.000 1726825.000 -0.091 -0.889 -0.517
6452809.000 1726825.000 0.383 -0.841 -0.418
6451909.000 1726875.000 0.154 -1.195 -0.111
6451959.000 1726875.000 0.033 -0.937 -0.183
6452009.000 1726875.000 19.451 -24.820 0.380
6452059.000 1726875.000 12.512 -8.393 -0.468
6452109.000 1726875.000 0.954 -0.013 0.141
6452159.000 1726875.000 -0.039 -3.450 0.201
6452209.000 1726875.000 0.291 -1.154 -0.119
6452259.000 1726875.000 -0.053 -0.835 -0.134
6452309.000 1726875.000 -5.517 -2.075 -0.343
6452359.000 1726875.000 0.078 0.156 -0.255
6452409.000 1726875.000 0.118 -0.734 -0.363
6452459.000 1726875.000 -0.061 -0.999 -0.432
6452509.000 1726875.000 0.195 -1.139 -0.383
6452559.000 1726875.000 0.288 -1.243 -0.367
6452609.000 1726875.000 0.013 -1.115 -0.430
6452659.000 1726875.000 0.093 -1.094 -0.414
6452709.000 1726875.000 -0.007 -0.549 -0.412
6452759.000 1726875.000 -0.105 -1.044 -0.502
6452809.000 1726875.000 0.017 -1.123 -0.426
6451909.000 1726925.000 0.206 -1.299 -0.273
6451959.000 1726925.000 -0.022 -1.249 -0.326
6452009.000 1726925.000 0.244 -1.654 -0.339
6452059.000 1726925.000 -0.859 0.253 -0.428
6452109.000 1726925.000 -1.698 -0.219 -0.403
6452159.000 1726925.000 -0.904 0.209 -0.541
6452209.000 1726925.000 0.610 0.020 -0.507
6452259.000 1726925.000 -0.306 -0.489 -0.556
6452309.000 1726925.000 0.794 -0.383 -0.337
6452359.000 1726925.000 0.008 -1.111 -0.568
6452409.000 1726925.000 0.120 -1.110 -0.484
6452459.000 1726925.000 -0.045 -1.103 -0.522
6452509.000 1726925.000 -0.077 -1.121 -0.476
6452559.000 1726925.000 -0.677 -0.933 -0.766
6452609.000 1726925.000 0.186 -3.101 -1.471
6452659.000 1726925.000 2.235 -4.090 -0.741
6452709.000 1726925.000 0.007 -1.193 -0.459
6452759.000 1726925.000 -0.072 -0.954 -0.404
6452809.000 1726925.000 0.033 -1.031 -0.402
6451909.000 1726975.000 0.193 -1.410 -0.234
6451959.000 1726975.000 -0.223 -1.210 -0.287
6452009.000 1726975.000 0.185 -1.161 -0.432
6452059.000 1726975.000 0.404 -0.874 -0.510
6452109.000 1726975.000 0.020 -0.948 -0.521
6452159.000 1726975.000 0.353 -1.005 -0.563
6452209.000 1726975.000 0.028 -1.340 -0.534
6452259.000 1726975.000 0.134 -1.283 -0.566
6452309.000 1726975.000 1.823 -0.610 0.281
6452359.000 1726975.000 -0.039 -1.241 -0.587
6452409.000 1726975.000 0.047 -1.267 -0.627
6452459.000 1726975.000 -0.075 -0.981 -0.747
6452509.000 1726975.000 0.255 -1.264 -0.496
6452559.000 1726975.000 -0.106 -0.933 -0.512
6452609.000 1726975.000 0.168 -1.050 -0.423
6452659.000 1726975.000 0.105 -1.085 -0.437
6452709.000 1726975.000 -0.051 -0.953 -0.456
6452759.000 1726975.000 0.008 -0.893 -0.415
6452809.000 1726975.000 0.004 -1.125 -0.418
6451909.000 1727025.000 0.166 -1.557 -0.135
6451959.000 1727025.000 -1.766 -2.346 -0.275
6452009.000 1727025.000 -0.763 -5.175 -1.083
6452059.000 1727025.000 0.279 -0.882 -0.541
6452109.000 1727025.000 0.325 -1.150 -0.534
6452159.000 1727025.000 -0.757 -0.492 -0.523
6452209.000 1727025.000 0.032 -1.346 -0.628
6452259.000 1727025.000 -0.129 -1.060 -0.663
6452309.000 1727025.000 -0.141 -0.758 -0.578
6452359.000 1727025.000 0.075 -1.052 -0.584
6452409.000 1727025.000 -0.014 -1.013 -0.537
6452459.000 1727025.000 0.223 -1.136 -0.555
6452509.000 1727025.000 -0.046 -0.800 -0.477
6452559.000 1727025.000 0.235 -0.983 -0.459
6452609.000 1727025.000 0.399 -0.976 -0.460
6452659.000 1727025.000 0.164 -1.021 -0.446
6452709.000 1727025.000 0.065 -1.054 -0.406
6452759.000 1727025.000 0.013 -0.899 -0.411
6452809.000 1727025.000 -0.016 -1.000 -0.345
6451909.000 1727075.000 0.370 -1.387 -0.260
6451959.000 1727075.000 0.192 -1.532 -0.314
6452009.000 1727075.000 0.958 -1.332 -0.503
6452059.000 1727075.000 0.744 -0.901 -0.530
6452109.000 1727075.000 0.999 -1.114 -0.549
6452159.000 1727075.000 0.002 -1.111 -0.595
6452209.000 1727075.000 -0.123 -1.099 -0.686
6452259.000 1727075.000 -0.037 -1.041 -0.584
6452309.000 1727075.000 -0.058 -0.983 -0.529
6452359.000 1727075.000 -0.039 -1.023 -0.516
6452409.000 1727075.000 -0.031 -1.087 -0.534
6452459.000 1727075.000 0.816 -1.075 -0.460
6452509.000 1727075.000 -0.060 -1.027 -0.465
6452559.000 1727075.000 0.145 -1.101 -0.452
6452609.000 1727075.000 0.072 -1.011 -0.420
6452659.000 1727075.000 0.242 -1.003 -0.463
6452709.000 1727075.000 0.058 -1.023 -0.383
6452759.000 1727075.000 0.434 -1.109 -0.368
6452809.000 1727075.000 0.545 -0.727 -0.341
6451909.000 1727125.000 0.266 -1.504 -0.286
6451959.000 1727125.000 0.141 -1.448 -0.339
6452009.000 1727125.000 -0.001 -1.385 -0.394
6452059.000 1727125.000 1.035 -1.357 -0.507
6452109.000 1727125.000 0.094 -1.281 -0.544
6452159.000 1727125.000 -0.273 -0.743 -0.602
6452209.000 1727125.000 -0.111 -1.106 -0.548
6452259.000 1727125.000 -0.091 -1.085 -0.535
6452309.000 1727125.000 -0.212 -1.014 -0.569
6452359.000 1727125.000 0.324 -1.161 -0.500
6452409.000 1727125.000 0.074 -1.226 -0.512
6452459.000 1727125.000 -0.217 0.064 -0.556
6452509.000 1727125.000 -0.233 -0.904 -0.500
6452559.000 1727125.000 -0.097 -0.978 -0.430
6452609.000 1727125.000 0.184 -0.994 -0.368
6452659.000 1727125.000 0.036 -0.963 -0.371
6452709.000 1727125.000 0.100 -1.103 -0.382
6452759.000 1727125.000 -0.021 -1.045 -0.357
6452809.000 1727125.000 0.038 -1.035 -0.340
6451909.000 1727175.000 0.123 -1.524 -0.376
6451959.000 1727175.000 0.172 -1.502 -0.431
6452009.000 1727175.000 0.087 -1.291 -0.414
6452059.000 1727175.000 0.736 -0.121 -0.369
6452109.000 1727175.000 0.092 -1.146 -0.511
6452159.000 1727175.000 -0.030 -1.333 -0.568
6452209.000 1727175.000 0.102 -1.137 -0.551
6452259.000 1727175.000 0.048 -1.277 -0.545
6452309.000 1727175.000 -0.244 -0.899 -0.566
6452359.000 1727175.000 -0.034 -1.011 -0.517
6452409.000 1727175.000 0.012 -0.984 -0.521
6452459.000 1727175.000 0.231 -1.186 -0.478
6452509.000 1727175.000 0.055 -1.116 -0.466
6452559.000 1727175.000 0.020 -1.102 -0.454
6452609.000 1727175.000 -0.094 -1.049 -0.441
6452659.000 1727175.000 0.127 -1.113 -0.393
6452709.000 1727175.000 0.196 -0.977 -0.365
6452759.000 1727175.000 0.217 -0.742 -0.340
6452809.000 1727175.000 0.000 -0.880 -0.347
6451909.000 1727225.000 -16.644 24.845 -1.864
6451959.000 1727225.000 -0.151 -1.902 -0.577
6452009.000 1727225.000 0.101 -1.496 -0.474
6452059.000 1727225.000 -0.182 -1.608 -0.498
6452109.000 1727225.000 0.010 -1.230 -0.519
6452159.000 1727225.000 -0.131 -1.212 -0.530
6452209.000 1727225.000 0.039 -1.221 -0.554
6452259.000 1727225.000 -0.161 -1.115 -0.562
6452309.000 1727225.000 -0.100 -1.294 -0.537
6452359.000 1727225.000 -0.083 -0.925 -0.518
6452409.000 1727225.000 0.292 -1.751 -0.523
6452459.000 1727225.000 -0.008 -1.357 -0.463
6452509.000 1727225.000 0.365 -1.162 -0.463
6452559.000 1727225.000 0.592 -0.951 -0.464
6452609.000 1727225.000 -0.079 -0.815 -0.487
6452659.000 1727225.000 0.018 -1.069 -0.470
6452709.000 1727225.000 0.077 -0.948 -0.443
6452759.000 1727225.000 0.070 -1.007 -0.402
6452809.000 1727225.000 -0.127 -0.857 -0.381
6451909.000 1727275.000 -3.766 -3.821 -1.466
6451959.000 1727275.000 1.356 -2.438 -0.499
6452009.000 1727275.000 -0.121 -0.308 -0.429
6452059.000 1727275.000 0.234 0.107 -0.338
6452109.000 1727275.000 0.018 -1.378 -0.576
6452159.000 1727275.000 -0.118 -1.262 -0.532
6452209.000 1727275.000 -0.216 -1.176 -0.528
6452259.000 1727275.000 0.028 -0.921 -0.510
6452309.000 1727275.000 -0.221 -0.952 -0.475
6452359.000 1727275.000 -0.154 -1.081 -0.509
6452409.000 1727275.000 0.777 -0.804 -0.489
6452459.000 1727275.000 0.013 -0.187 -0.528
6452509.000 1727275.000 -0.715 -0.362 -0.578
6452559.000 1727275.000 -0.001 -1.011 -0.585
6452609.000 1727275.000 -0.027 -1.118 -0.547
6452659.000 1727275.000 0.098 -1.027 -0.463
6452709.000 1727275.000 -0.292 -2.465 -0.713
6452759.000 1727275.000 -0.053 -1.057 -0.427
6452809.000 1727275.000 -0.109 -0.949 -0.421
6451909.000 1727325.000 0.312 -1.700 -0.467
6451959.000 1727325.000 -0.008 -1.547 -0.566
6452009.000 1727325.000 0.121 -1.822 -0.554
6452059.000 1727325.000 -0.118 -1.279 -0.421
6452109.000 1727325.000 0.233 -1.142 -0.596
6452159.000 1727325.000 -0.325 -1.363 -0.678
6452209.000 1727325.000 -0.182 -1.348 -0.502
6452259.000 1727325.000 -0.032 -1.322 -0.479
6452309.000 1727325.000 0.040 -1.151 -0.462
6452359.000 1727325.000 -0.523 -0.278 -0.590
6452409.000 1727325.000 0.171 -1.025 -0.505
6452459.000 1727325.000 -0.200 -1.131 -0.604
6452509.000 1727325.000 -0.032 -1.074 -0.548
6452559.000 1727325.000 -0.227 -1.140 -0.643
6452609.000 1727325.000 -0.044 -1.125 -0.646
6452659.000 1727325.000 -0.120 -1.089 -0.505
6452709.000 1727325.000 -0.020 -1.189 -0.503
6452759.000 1727325.000 0.080 -0.858 -0.429
6452809.000 1727325.000 -0.007 -1.013 -0.438
6451909.000 1727375.000 0.003 -2.012 -0.463
6451959.000 1727375.000 0.113 -1.726 -0.518
6452009.000 1727375.000 -0.094 -1.591 -0.590
6452059.000 1727375.000 0.026 -1.570 -0.629
6452109.000 1727375.000 0.104 -1.135 -0.453
6452159.000 1727375.000 -0.344 -1.323 -0.674
6452209.000 1727375.000 -0.189 -1.498 -0.492
6452259.000 1727375.000 -0.381 -1.577 -0.468
6452309.000 1727375.000 0.994 -0.411 -0.371
6452359.000 1727375.000 -0.288 -1.100 -0.645
6452409.000 1727375.000 -0.184 -1.116 -0.589
6452459.000 1727375.000 -0.230 -1.142 -0.562
6452509.000 1727375.000 -0.192 -1.112 -0.555
6452559.000 1727375.000 -0.143 -1.086 -0.512
6452609.000 1727375.000 -0.092 -1.149 -0.572
6452659.000 1727375.000 -0.029 -1.031 -0.465
6452709.000 1727375.000 -0.072 -1.433 -0.607
6452759.000 1727375.000 0.565 -1.256 -0.396
6452809.000 1727375.000 -0.087 -1.045 -0.530
6451909.000 1727425.000 -3.907 0.702 0.042
6451959.000 1727425.000 -0.002 -1.637 -0.413
6452009.000 1727425.000 -0.067 -1.589 -0.628
6452059.000 1727425.000 0.049 -1.578 -0.657
6452109.000 1727425.000 -0.098 -1.521 -0.677
6452159.000 1727425.000 -0.164 -1.381 -0.615
6452209.000 1727425.000 -0.002 -1.573 -0.552
6452259.000 1727425.000 0.232 -0.885 -0.353
6452309.000 1727425.000 0.071 -1.190 -0.431
6452359.000 1727425.000 -0.275 -1.340 -0.502
6452409.000 1727425.000 -0.200 -1.352 -0.482
6452459.000 1727425.000 -0.481 -1.234 -0.616
6452509.000 1727425.000 -0.325 -1.165 -0.531
6452559.000 1727425.000 -0.215 -1.149 -0.543
6452609.000 1727425.000 -0.074 -1.204 -0.484
6452659.000 1727425.000 -0.065 -1.132 -0.462
6452709.000 1727425.000 -0.012 -1.038 -0.500
6452759.000 1727425.000 -0.264 -0.694 -0.436
6452809.000 1727425.000 -0.072 -0.911 -0.463
6451909.000 1727475.000 2.694 2.528 0.433
6451959.000 1727475.000 0.926 0.135 0.026
6452009.000 1727475.000 -0.061 -2.170 -0.624
6452059.000 1727475.000 0.003 -1.732 -0.623
6452109.000 1727475.000 -0.127 -1.457 -0.672
6452159.000 1727475.000 -0.211 -1.579 -0.617
6452209.000 1727475.000 -0.220 -1.428 -0.518
6452259.000 1727475.000 -0.179 -1.447 -0.468
6452309.000 1727475.000 -0.259 -1.456 -0.418
6452359.000 1727475.000 -0.192 -1.312 -0.437
6452409.000 1727475.000 -0.369 -1.629 -0.484
6452459.000 1727475.000 -0.370 -1.063 -0.618
6452509.000 1727475.000 -0.352 -1.039 -0.552
6452559.000 1727475.000 -0.221 -1.151 -0.528
6452609.000 1727475.000 0.040 -1.029 -0.502
6452659.000 1727475.000 -0.036 -1.038 -0.528
6452709.000 1727475.000 -0.019 -0.996 -0.521
6452759.000 1727475.000 -0.167 -0.953 -0.441
6452809.000 1727475.000 -0.177 -0.923 -0.439
6451909.000 1727525.000 -0.099 -2.152 -0.598
6451959.000 1727525.000 -0.085 -2.065 -0.596
6452009.000 1727525.000 0.153 -1.885 -0.538
6452059.000 1727525.000 0.316 -1.890 -0.550
6452109.000 1727525.000 -0.113 -1.540 -0.582
6452159.000 1727525.000 -0.163 -0.955 -0.436
6452209.000 1727525.000 -0.257 -1.308 -0.628
6452259.000 1727525.000 -0.750 -1.700 -0.548
6452309.000 1727525.000 -0.832 -1.464 -0.433
6452359.000 1727525.000 0.539 -1.052 -0.332
6452409.000 1727525.000 -0.359 -1.433 -0.361
6452459.000 1727525.000 -0.410 -1.247 -0.484
6452509.000 1727525.000 -0.386 -1.204 -0.485
6452559.000 1727525.000 -0.133 -1.223 -0.423
6452609.000 1727525.000 -0.134 -1.066 -0.480
6452659.000 1727525.000 -0.043 -0.950 -0.570
6452709.000 1727525.000 -0.030 -1.133 -0.500
6452759.000 1727525.000 -0.138 -0.958 -0.456
6452809.000 1727525.000 -0.161 -0.950 -0.470
6451909.000 1727575.000 -0.216 -2.145 -0.548
6451959.000 1727575.000 -0.089 -2.090 -0.542
6452009.000 1727575.000 -0.154 -2.105 -0.544
6452059.000 1727575.000 0.155 -1.897 -0.461
6452109.000 1727575.000 -0.049 -1.665 -0.494
6452159.000 1727575.000 -0.240 -1.457 -0.660
6452209.000 1727575.000 -0.525 -1.711 -0.770
6452259.000 1727575.000 -0.217 -1.473 -0.674
6452309.000 1727575.000 -0.545 -1.346 -0.544
6452359.000 1727575.000 -0.530 -1.533 -0.498
6452409.000 1727575.000 -0.083 -1.456 -0.331
6452459.000 1727575.000 -0.306 -1.536 -0.344
6452509.000 1727575.000 -0.477 -1.376 -0.451
6452559.000 1727575.000 -0.209 -1.260 -0.461
6452609.000 1727575.000 -0.212 -1.244 -0.426
6452659.000 1727575.000 -0.182 -1.134 -0.475
6452709.000 1727575.000 0.006 -1.260 -0.453
6452759.000 1727575.000 -0.177 -0.913 -0.473
6452809.000 1727575.000 -0.244 -0.988 -0.550
