19427.000 41480.000 0.172 -1.006 -0.475
19527.000 41480.000 0.460 -0.033 0.099
19627.000 41480.000 0.137 0.064 0.253
19727.000 41480.000 0.345 0.050 0.070
19827.000 41480.000 0.241 0.413 0.343
19927.000 41480.000 0.157 0.103 0.163
20027.000 41480.000 0.109 -0.151 0.049
20127.000 41480.000 0.122 0.186 0.147
19427.000 41580.000 -0.019 -0.927 -0.403
19527.000 41580.000 0.104 0.838 0.678
19627.000 41580.000 0.231 0.003 0.232
19727.000 41580.000 0.270 -0.040 0.157
19827.000 41580.000 0.092 -0.104 -0.003
19927.000 41580.000 -0.207 -0.122 0.180
20027.000 41580.000 0.246 -0.026 0.056
20127.000 41580.000 0.154 -0.163 0.033
19427.000 41680.000 -0.190 -0.005 0.178
19527.000 41680.000 0.421 -0.327 -0.046
19627.000 41680.000 0.218 -0.183 -0.016
19727.000 41680.000 0.045 -0.095 0.072
19827.000 41680.000 0.165 -0.247 0.032
19927.000 41680.000 0.035 -0.162 0.076
20027.000 41680.000 0.070 -0.131 0.001
20127.000 41680.000 0.339 0.163 -0.041
19427.000 41780.000 0.176 -0.161 -0.029
19527.000 41780.000 0.889 -0.810 -0.291
19627.000 41780.000 0.345 -0.457 -0.123
19727.000 41780.000 0.219 -0.319 -0.068
19827.000 41780.000 0.193 -0.091 0.066
19927.000 41780.000 0.193 -0.163 0.039
20027.000 41780.000 0.029 -0.221 0.180
20127.000 41780.000 0.091 -0.008 0.141
19427.000 41880.000 0.772 -0.129 -0.142
19527.000 41880.000 1.754 1.141 0.926
19627.000 41880.000 0.451 -0.316 -0.066
19727.000 41880.000 0.315 -0.209 -0.007
19827.000 41880.000 0.221 -0.152 0.019
19927.000 41880.000 0.183 -0.038 0.043
20027.000 41880.000 -0.183 -0.025 0.245
20127.000 41880.000 -0.078 -0.457 0.126
19427.000 41980.000 0.523 -1.367 -0.723
19527.000 41980.000 1.698 0.355 0.370
19627.000 41980.000 0.638 -0.264 -0.093
19727.000 41980.000 0.453 -0.091 0.022
19827.000 41980.000 0.344 -0.119 0.023
19927.000 41980.000 -0.251 0.208 0.432
20027.000 41980.000 0.201 0.409 0.273
20127.000 41980.000 0.496 -0.176 -0.115
19427.000 42080.000 0.018 -0.143 0.141
19527.000 42080.000 0.587 -0.243 -0.014
19627.000 42080.000 0.449 -0.248 -0.035
19727.000 42080.000 0.299 -0.069 0.126
19827.000 42080.000 0.463 0.066 0.098
19927.000 42080.000 0.382 -0.024 0.016
20027.000 42080.000 -0.047 -0.187 0.166
20127.000 42080.000 -0.081 0.442 0.521
