6451559.000 1726075.000 -10.763 3.475 -2.156
6451709.000 1726075.000 -53.949 -17.565 -2.084
6451859.000 1726075.000 37.317 -1.151 -2.089
6452009.000 1726075.000 17.115 3.266 -3.132
6452159.000 1726075.000 -2.169 2.965 -3.511
6452309.000 1726075.000 -19.125 9.740 -3.196
6452459.000 1726075.000 28.444 3.896 -3.173
6452609.000 1726075.000 -17.960 -1.827 -3.007
6452759.000 1726075.000 0.753 -1.059 -0.428
6452909.000 1726075.000 -0.053 -0.535 -0.279
6453059.000 1726075.000 -0.189 -0.540 -0.367
6453209.000 1726075.000 -0.172 -0.595 -0.402
6453359.000 1726075.000 0.072 -0.235 -0.287
6453509.000 1726075.000 0.266 -0.074 -0.258
6453659.000 1726075.000 0.239 -0.455 -0.277
6453809.000 1726075.000 0.135 -0.422 -0.281
6453959.000 1726075.000 0.016 -0.371 -0.229
6454109.000 1726075.000 -0.023 -0.415 -0.212
6454259.000 1726075.000 0.143 -0.391 -0.227
6454409.000 1726075.000 0.192 -0.384 -0.218
6451559.000 1726225.000 -8.203 -1.609 -3.080
6451709.000 1726225.000 -13.701 -1.205 -2.457
6451859.000 1726225.000 -5.430 -42.384 -2.061
6452009.000 1726225.000 30.778 18.681 -2.760
6452159.000 1726225.000 -0.943 18.210 -2.822
6452309.000 1726225.000 10.324 13.569 -3.257
6452459.000 1726225.000 -18.457 -8.851 -3.518
6452609.000 1726225.000 1.640 -0.773 -0.405
6452759.000 1726225.000 0.078 -0.566 -0.309
6452909.000 1726225.000 0.023 -0.631 -0.333
6453059.000 1726225.000 -0.059 -0.616 -0.350
6453209.000 1726225.000 -0.073 -0.723 -0.346
6453359.000 1726225.000 0.102 -0.539 -0.319
6453509.000 1726225.000 0.243 -0.482 -0.306
6453659.000 1726225.000 0.284 -0.607 -0.331
6453809.000 1726225.000 -0.033 -0.439 -0.356
6453959.000 1726225.000 0.113 -0.629 -0.223
6454109.000 1726225.000 0.238 -0.442 -0.198
6454259.000 1726225.000 0.234 -0.545 -0.215
6454409.000 1726225.000 0.134 -0.498 -0.208
6451559.000 1726375.000 10.455 6.094 -2.225
6451709.000 1726375.000 -15.515 9.296 -2.576
6451859.000 1726375.000 -10.007 13.647 -2.895
6452009.000 1726375.000 17.219 17.364 -2.766
6452159.000 1726375.000 6.341 10.011 -3.154
6452309.000 1726375.000 -17.281 -6.528 -3.657
6452459.000 1726375.000 3.316 -4.042 -0.474
6452609.000 1726375.000 0.149 -0.476 -0.315
6452759.000 1726375.000 0.114 -0.611 -0.317
6452909.000 1726375.000 -0.061 -0.727 -0.362
6453059.000 1726375.000 -0.117 -0.746 -0.371
6453209.000 1726375.000 -0.057 -0.682 -0.361
6453359.000 1726375.000 0.141 -0.534 -0.348
6453509.000 1726375.000 0.063 -0.687 -0.187
6453659.000 1726375.000 0.144 -0.271 -0.340
6453809.000 1726375.000 0.316 -0.527 -0.346
6453959.000 1726375.000 -0.231 -0.338 -0.242
6454109.000 1726375.000 0.044 -0.581 -0.278
6454259.000 1726375.000 0.245 -0.439 -0.257
6454409.000 1726375.000 -3.896 2.057 -0.631
6451559.000 1726525.000 -2.447 13.738 -3.365
6451709.000 1726525.000 -9.929 -22.951 -3.144
6451859.000 1726525.000 -3.187 -18.051 -2.765
6452009.000 1726525.000 -11.280 -5.075 -3.064
6452159.000 1726525.000 -19.513 -6.518 -3.279
6452309.000 1726525.000 -0.269 -0.074 -0.349
6452459.000 1726525.000 0.210 -0.485 -0.338
6452609.000 1726525.000 2.972 -0.336 -0.266
6452759.000 1726525.000 0.356 -0.584 -0.285
6452909.000 1726525.000 0.026 -0.762 -0.340
6453059.000 1726525.000 -0.017 -0.719 -0.331
6453209.000 1726525.000 0.045 -0.591 -0.337
6453359.000 1726525.000 0.128 -0.521 -0.369
6453509.000 1726525.000 1.383 -0.505 0.173
6453659.000 1726525.000 0.111 -0.431 -0.393
6453809.000 1726525.000 0.122 -0.445 -0.362
6453959.000 1726525.000 0.339 -0.355 -0.318
6454109.000 1726525.000 0.103 -0.500 -0.330
6454259.000 1726525.000 0.162 -0.522 -0.349
6454409.000 1726525.000 0.162 -0.644 -0.359
6451559.000 1726675.000 -1.525 -3.081 -2.539
6451709.000 1726675.000 -4.141 3.745 -2.483
6451859.000 1726675.000 -11.719 -3.978 -2.668
6452009.000 1726675.000 -3.253 -7.278 -1.188
6452159.000 1726675.000 -0.005 -0.371 -0.109
6452309.000 1726675.000 -0.368 -0.559 -0.141
6452459.000 1726675.000 0.128 -0.612 -0.032
6452609.000 1726675.000 0.455 -0.643 -0.086
6452759.000 1726675.000 0.239 -1.013 -0.231
6452909.000 1726675.000 0.008 -0.824 -0.233
6453059.000 1726675.000 -0.054 -0.654 -0.270
6453209.000 1726675.000 0.047 -0.691 -0.344
6453359.000 1726675.000 -0.418 -0.228 -0.354
6453509.000 1726675.000 0.249 -0.574 -0.338
6453659.000 1726675.000 0.249 -0.486 -0.360
6453809.000 1726675.000 0.227 -0.530 -0.373
6453959.000 1726675.000 0.096 -0.616 -0.348
6454109.000 1726675.000 0.254 -0.338 -0.391
6454259.000 1726675.000 0.490 -0.141 -0.368
6454409.000 1726675.000 0.289 -0.593 -0.361
6451559.000 1726825.000 -0.046 1.105 0.010
6451709.000 1726825.000 -0.442 0.300 -0.005
6451859.000 1726825.000 0.220 -1.298 0.002
6452009.000 1726825.000 0.354 -3.088 -0.182
6452159.000 1726825.000 -2.984 2.225 -0.196
6452309.000 1726825.000 0.242 -0.405 -0.098
6452459.000 1726825.000 0.105 -0.915 -0.262
6452609.000 1726825.000 -0.164 -1.760 -1.171
6452759.000 1726825.000 0.088 -0.956 -0.425
6452909.000 1726825.000 -0.027 -0.899 -0.383
6453059.000 1726825.000 -0.139 -0.745 -0.377
6453209.000 1726825.000 0.019 -0.942 -0.397
6453359.000 1726825.000 0.110 -0.626 -0.378
6453509.000 1726825.000 0.254 -0.552 -0.379
6453659.000 1726825.000 0.232 -0.643 -0.367
6453809.000 1726825.000 0.349 -0.399 -0.388
6453959.000 1726825.000 0.243 -0.457 -0.426
6454109.000 1726825.000 0.197 -0.583 -0.358
6454259.000 1726825.000 0.377 -0.550 -0.366
6454409.000 1726825.000 0.613 -0.088 -0.370
6451559.000 1726975.000 -0.032 -2.165 -0.355
6451709.000 1726975.000 -0.095 -1.726 -0.168
6451859.000 1726975.000 0.275 -1.546 -0.206
6452009.000 1726975.000 -0.059 -1.328 -0.413
6452159.000 1726975.000 0.010 -0.646 -0.494
6452309.000 1726975.000 0.136 -0.943 -0.506
6452459.000 1726975.000 0.041 -1.075 -0.540
6452609.000 1726975.000 0.202 -1.445 -0.627
6452759.000 1726975.000 0.021 -1.020 -0.409
6452909.000 1726975.000 0.101 -0.949 -0.384
6453059.000 1726975.000 -0.101 -0.762 -0.412
6453209.000 1726975.000 -0.061 -0.805 -0.385
6453359.000 1726975.000 0.005 -0.369 -0.383
6453509.000 1726975.000 0.140 -0.314 -0.376
6453659.000 1726975.000 0.163 -0.582 -0.362
6453809.000 1726975.000 0.108 -0.500 -0.400
6453959.000 1726975.000 -4.835 -4.120 -0.345
6454109.000 1726975.000 0.247 -0.388 -0.405
6454259.000 1726975.000 0.340 -0.513 -0.401
6454409.000 1726975.000 0.310 -0.487 -0.400
6451559.000 1727125.000 -0.074 -1.835 -0.220
6451709.000 1727125.000 0.472 -1.921 -0.300
6451859.000 1727125.000 0.375 -1.549 -0.300
6452009.000 1727125.000 0.538 -0.759 -0.401
6452159.000 1727125.000 0.025 -1.045 -0.560
6452309.000 1727125.000 -0.043 -1.046 -0.540
6452459.000 1727125.000 0.071 -0.968 -0.499
6452609.000 1727125.000 0.070 -1.014 -0.415
6452759.000 1727125.000 0.157 -1.002 -0.358
6452909.000 1727125.000 0.035 -0.850 -0.328
6453059.000 1727125.000 -0.080 -0.889 -0.364
6453209.000 1727125.000 -0.060 -0.755 -0.389
6453359.000 1727125.000 0.150 -0.873 -0.459
6453509.000 1727125.000 0.041 -0.776 -0.404
6453659.000 1727125.000 0.261 -0.543 -0.386
6453809.000 1727125.000 0.071 -0.538 -0.406
6453959.000 1727125.000 0.239 -0.427 -0.392
6454109.000 1727125.000 0.191 -0.538 -0.414
6454259.000 1727125.000 0.369 -0.441 -0.408
6454409.000 1727125.000 0.428 -0.561 -0.427
6451559.000 1727275.000 -0.386 -1.642 -0.427
6451709.000 1727275.000 -0.230 -1.418 -0.308
6451859.000 1727275.000 1.061 -0.806 -0.698
6452009.000 1727275.000 -0.005 -1.375 -0.515
6452159.000 1727275.000 -0.072 -1.318 -0.558
6452309.000 1727275.000 -0.067 -1.000 -0.514
6452459.000 1727275.000 -0.073 -0.853 -0.512
6452609.000 1727275.000 -0.036 -0.952 -0.489
6452759.000 1727275.000 0.023 -1.039 -0.421
6452909.000 1727275.000 0.049 -0.884 -0.398
6453059.000 1727275.000 -0.228 -2.312 -0.388
6453209.000 1727275.000 -0.125 -0.788 -0.462
6453359.000 1727275.000 -0.151 -0.747 -0.440
6453509.000 1727275.000 0.017 -0.617 -0.476
6453659.000 1727275.000 0.177 -0.498 -0.401
6453809.000 1727275.000 0.092 -0.469 -0.406
6453959.000 1727275.000 0.110 -0.509 -0.420
6454109.000 1727275.000 0.333 -0.686 -0.406
6454259.000 1727275.000 0.469 -0.413 -0.398
6454409.000 1727275.000 0.350 -0.618 -0.413
6451559.000 1727425.000 -0.335 -2.126 -0.539
6451709.000 1727425.000 0.002 -2.082 -0.609
6451859.000 1727425.000 -0.197 -2.185 -0.557
6452009.000 1727425.000 -0.026 -1.738 -0.546
6452159.000 1727425.000 -0.148 -1.345 -0.563
6452309.000 1727425.000 0.047 -1.129 -0.428
6452459.000 1727425.000 -0.308 -1.108 -0.560
6452609.000 1727425.000 -0.141 -1.130 -0.500
6452759.000 1727425.000 -0.073 -0.974 -0.464
6452909.000 1727425.000 -0.216 -0.850 -0.480
6453059.000 1727425.000 -0.130 -0.903 -0.566
6453209.000 1727425.000 -0.260 -0.754 -0.481
6453359.000 1727425.000 -0.079 -0.842 -0.487
6453509.000 1727425.000 -0.275 -0.468 -0.485
6453659.000 1727425.000 0.093 -0.593 -0.600
6453809.000 1727425.000 0.131 -0.608 -0.395
6453959.000 1727425.000 -0.001 -0.568 -0.429
6454109.000 1727425.000 0.180 -0.452 -0.416
6454259.000 1727425.000 0.852 -0.065 -0.409
6454409.000 1727425.000 0.219 -0.458 -0.416
6451559.000 1727575.000 -0.981 -2.330 -0.488
6451709.000 1727575.000 -0.337 -2.227 -0.491
6451859.000 1727575.000 -0.104 -2.019 -0.509
6452009.000 1727575.000 0.050 -2.041 -0.531
6452159.000 1727575.000 -0.041 -1.560 -0.521
6452309.000 1727575.000 -0.374 -1.294 -0.464
6452459.000 1727575.000 -0.289 -1.379 -0.378
6452609.000 1727575.000 -0.189 -1.259 -0.406
6452759.000 1727575.000 -0.109 -1.047 -0.456
6452909.000 1727575.000 -0.159 -0.967 -0.501
6453059.000 1727575.000 -0.210 -0.912 -0.491
6453209.000 1727575.000 -0.268 -0.736 -0.495
6453359.000 1727575.000 -0.297 -0.711 -0.535
6453509.000 1727575.000 -0.324 -0.614 -0.536
6453659.000 1727575.000 -0.340 -0.520 -0.599
6453809.000 1727575.000 -0.007 -0.539 -0.484
6453959.000 1727575.000 -0.171 -0.540 -0.429
6454109.000 1727575.000 0.131 -0.439 -0.423
6454259.000 1727575.000 -2.951 1.912 -0.536
6454409.000 1727575.000 0.229 -0.514 -0.413
6451559.000 1727725.000 -0.505 -2.141 -0.163
6451709.000 1727725.000 -0.384 -2.245 -0.368
6451859.000 1727725.000 -0.310 -2.170 -0.477
6452009.000 1727725.000 -0.081 -2.048 -0.557
6452159.000 1727725.000 -0.256 -1.791 -0.550
6452309.000 1727725.000 -0.289 -1.567 -0.621
6452459.000 1727725.000 -0.178 -1.546 -0.560
6452609.000 1727725.000 -0.151 -1.307 -0.384
6452759.000 1727725.000 -0.160 -1.293 -0.261
6452909.000 1727725.000 -0.304 -1.316 -0.322
6453059.000 1727725.000 -0.210 -1.029 -0.509
6453209.000 1727725.000 -0.314 -0.794 -0.569
6453359.000 1727725.000 -0.404 -0.762 -0.559
6453509.000 1727725.000 -0.247 -0.627 -0.585
6453659.000 1727725.000 -0.035 -0.520 -0.487
6453809.000 1727725.000 -0.440 -0.389 -0.400
6453959.000 1727725.000 -0.204 -0.501 -0.470
6454109.000 1727725.000 -0.463 -0.341 -0.506
6451559.000 1727875.000 -0.458 -1.880 -0.426
6451709.000 1727875.000 -0.442 -1.948 -0.464
6451859.000 1727875.000 -0.433 -1.790 -0.582
6452009.000 1727875.000 -0.238 -1.828 -0.447
6452159.000 1727875.000 -0.278 -1.769 -0.473
6452309.000 1727875.000 -0.182 -1.772 -0.420
6452459.000 1727875.000 -0.201 -1.458 -0.479
6452609.000 1727875.000 -0.071 -1.452 -0.435
6452759.000 1727875.000 -0.123 -1.466 -0.436
6452909.000 1727875.000 0.113 -1.321 -0.490
6453059.000 1727875.000 -0.318 -1.022 -0.422
6453209.000 1727875.000 -0.555 -0.804 -0.616
6453359.000 1727875.000 -0.544 -0.829 -0.680
6453509.000 1727875.000 -1.050 -0.388 -0.604
6453659.000 1727875.000 0.326 -0.382 -0.393
6453809.000 1727875.000 -0.119 -0.307 -0.419
6453959.000 1727875.000 -0.485 -0.348 -0.485
6454109.000 1727875.000 -0.279 -0.183 -0.579
6454259.000 1727875.000 0.297 0.395 -0.502
6454409.000 1727875.000 0.481 0.049 -0.455
6451559.000 1728025.000 -0.485 -1.861 -0.605
6451709.000 1728025.000 -0.639 -1.795 -0.602
6451859.000 1728025.000 -0.418 -1.587 -0.420
6452009.000 1728025.000 -0.308 -1.671 -0.395
6452159.000 1728025.000 -0.345 -1.486 -0.484
6452309.000 1728025.000 -0.348 -1.402 -0.473
6452459.000 1728025.000 -0.310 -1.398 -0.477
6452609.000 1728025.000 -0.150 -1.371 -0.474
6452759.000 1728025.000 -0.259 -1.276 -0.550
6452909.000 1728025.000 -0.113 -1.179 -0.636
6453059.000 1728025.000 -0.229 -1.294 -0.680
6453209.000 1728025.000 -0.426 -0.862 -0.584
6453359.000 1728025.000 -0.223 -0.595 -0.585
6453509.000 1728025.000 -0.049 -0.427 -0.439
6453659.000 1728025.000 0.078 -0.298 -0.405
6453809.000 1728025.000 -0.195 -0.193 -0.491
6453959.000 1728025.000 -0.466 -0.115 -0.504
6454109.000 1728025.000 0.149 0.161 -0.450
6454259.000 1728025.000 0.114 0.337 -0.467
6454409.000 1728025.000 0.316 0.222 -0.398
6451559.000 1728175.000 -0.500 -2.121 -0.517
6451709.000 1728175.000 -0.505 -1.867 -0.561
6451859.000 1728175.000 -0.160 -1.784 -0.433
6452009.000 1728175.000 -0.255 -1.570 -0.375
6452159.000 1728175.000 -0.791 -1.958 -0.660
6452309.000 1728175.000 -0.346 -1.460 -0.514
6452459.000 1728175.000 -0.287 -1.287 -0.504
6452609.000 1728175.000 -0.160 -1.045 -0.591
6452759.000 1728175.000 -0.162 -1.367 -0.736
6452909.000 1728175.000 -0.371 -1.444 -0.811
6453059.000 1728175.000 -0.196 -1.302 -0.801
6453209.000 1728175.000 -0.204 -1.008 -0.635
6453359.000 1728175.000 0.164 -0.422 -0.350
6453509.000 1728175.000 0.237 -0.400 -0.388
6453659.000 1728175.000 0.044 -0.341 -0.485
6453809.000 1728175.000 -0.098 -0.198 -0.450
6453959.000 1728175.000 -0.241 -0.104 -0.457
6454109.000 1728175.000 0.027 0.032 -0.405
6454259.000 1728175.000 0.065 0.078 -0.403
6454409.000 1728175.000 0.312 0.050 -0.409
6451559.000 1728325.000 -0.333 -2.069 -0.372
6451709.000 1728325.000 -0.384 -1.852 -0.386
6451859.000 1728325.000 -0.246 -1.648 -0.407
6452009.000 1728325.000 -0.392 -2.826 -0.277
6452159.000 1728325.000 -0.132 -1.280 -0.364
6452309.000 1728325.000 -0.331 -1.315 -0.542
6452459.000 1728325.000 -0.247 -1.262 -0.744
6452609.000 1728325.000 -0.065 -1.293 -0.843
6452759.000 1728325.000 -0.214 -1.225 -0.838
6452909.000 1728325.000 -0.182 -1.274 -0.933
6453059.000 1728325.000 -0.120 -1.067 -0.978
6453209.000 1728325.000 0.020 -0.928 -0.854
6453359.000 1728325.000 0.262 -0.291 -0.444
6453509.000 1728325.000 0.263 -0.477 -0.399
6453659.000 1728325.000 0.167 -0.382 -0.435
6453809.000 1728325.000 -0.017 -0.307 -0.476
6453959.000 1728325.000 0.082 -0.157 -0.435
6454109.000 1728325.000 0.227 0.026 -0.435
6454259.000 1728325.000 0.173 -0.049 -0.424
6454409.000 1728325.000 0.281 -0.032 -0.387
6451559.000 1728475.000 -0.342 -2.111 -0.395
6451709.000 1728475.000 -0.204 -1.782 -0.403
6451859.000 1728475.000 -0.181 -1.595 -0.454
6452009.000 1728475.000 -3.042 19.726 -1.341
6452159.000 1728475.000 -0.303 -1.424 -0.573
6452309.000 1728475.000 -0.605 -1.495 -0.694
6452459.000 1728475.000 -0.652 -1.391 -0.886
6452609.000 1728475.000 -0.420 -1.630 -1.043
6452759.000 1728475.000 -0.153 -1.215 -0.929
6452909.000 1728475.000 0.137 -1.077 -0.955
6453059.000 1728475.000 -0.068 -0.954 -0.945
6453209.000 1728475.000 0.114 -0.535 -0.459
6453359.000 1728475.000 0.320 -0.144 -0.331
6453509.000 1728475.000 0.365 -0.336 -0.384
6453659.000 1728475.000 0.239 -0.371 -0.419
6453809.000 1728475.000 0.229 -0.323 -0.425
6453959.000 1728475.000 0.169 -0.152 -0.390
6454109.000 1728475.000 0.221 0.001 -0.387
6454259.000 1728475.000 0.402 -0.148 -0.361
6454409.000 1728475.000 0.322 -0.094 -0.358
6451559.000 1728625.000 -0.310 -2.173 -0.518
6451709.000 1728625.000 -0.207 -1.621 -0.527
6451859.000 1728625.000 -0.182 -1.477 -0.594
6452009.000 1728625.000 -0.727 -1.578 -0.638
6452159.000 1728625.000 -0.224 -1.385 -0.684
6452309.000 1728625.000 -1.475 -0.719 -0.741
6452459.000 1728625.000 -2.634 -0.799 -1.679
6452609.000 1728625.000 -1.904 -1.124 -2.160
6452759.000 1728625.000 -0.217 -1.449 -0.917
6452909.000 1728625.000 -0.094 -0.965 -0.807
6453059.000 1728625.000 0.214 -0.409 -0.336
6453209.000 1728625.000 0.352 -0.413 -0.330
6453359.000 1728625.000 0.385 -0.302 -0.326
6453509.000 1728625.000 0.360 -0.290 -0.414
6453659.000 1728625.000 0.427 -0.374 -0.326
6453809.000 1728625.000 0.359 -0.784 -0.262
6453959.000 1728625.000 0.205 -0.262 -0.349
6454109.000 1728625.000 0.321 -0.296 -0.333
6454259.000 1728625.000 0.440 -0.177 -0.267
6454409.000 1728625.000 0.331 -0.215 -0.317
6451559.000 1728775.000 -0.398 -2.060 -0.580
6451709.000 1728775.000 -0.087 -2.257 -0.462
6451859.000 1728775.000 0.056 -1.886 -0.621
6452009.000 1728775.000 -0.013 -1.554 -0.635
6452159.000 1728775.000 -0.112 -1.470 -0.761
6452309.000 1728775.000 -0.893 -0.868 -0.692
6452459.000 1728775.000 -1.620 -0.134 -0.900
6452609.000 1728775.000 -1.254 -1.083 -1.148
6452759.000 1728775.000 -0.643 -1.426 -0.830
6452909.000 1728775.000 -0.249 -0.908 -0.708
6453059.000 1728775.000 0.254 -0.442 -0.370
6453209.000 1728775.000 0.311 -0.380 -0.339
6453359.000 1728775.000 0.345 -0.322 -0.359
6453509.000 1728775.000 0.500 -0.358 -0.365
6453659.000 1728775.000 0.325 -0.348 -0.380
6453809.000 1728775.000 0.208 -0.368 -0.373
6453959.000 1728775.000 0.148 -0.381 -0.377
6454109.000 1728775.000 0.415 -0.329 -0.337
6454259.000 1728775.000 0.462 -0.329 -0.338
6454409.000 1728775.000 0.430 -0.335 -0.338
6451559.000 1728925.000 -0.082 -2.396 -0.797
6451709.000 1728925.000 -0.289 -2.066 -0.598
6451859.000 1728925.000 -0.008 -2.228 -0.514
6452009.000 1728925.000 -0.029 -2.101 -0.588
6452159.000 1728925.000 -0.151 -1.933 -0.620
6452309.000 1728925.000 -0.368 -1.515 -0.686
6452459.000 1728925.000 -3.043 0.190 -0.814
6452609.000 1728925.000 -2.291 -6.149 -2.035
6452759.000 1728925.000 -0.335 -1.627 -0.625
6452909.000 1728925.000 -0.722 -1.364 -0.977
6453059.000 1728925.000 0.227 -0.530 -0.410
6453209.000 1728925.000 0.239 -0.409 -0.366
6453359.000 1728925.000 0.326 -0.388 -0.514
6453509.000 1728925.000 0.306 -0.451 -0.429
6453659.000 1728925.000 0.292 -0.386 -0.391
6453809.000 1728925.000 0.272 -0.182 -0.366
6453959.000 1728925.000 0.214 -0.264 -0.442
6454109.000 1728925.000 0.538 -0.310 -0.335
6454259.000 1728925.000 0.400 -0.309 -0.395
6454409.000 1728925.000 0.396 -0.349 -0.354
